$ANSIBLE_VAULT;1.1;AES256
65383332336539646137353466313866666261373861323962323531333636386437366637623230
6237633539313464333630656436386236373336333531610a396633366163663166636561346265
65376139636433323037303765623865383939366361313664303135643734666534336465623766
6166383435366161390a653162333064613132393436376535383665396530663931663033666432
34303433653238363666313736393264313638336461623334613133623130363038316439303235
62313163373263613464656564633131643133373437373039373034353135313161323635613438
38323936336264373262616666383236326665353963316231313663623863386362613838343063
37386136636330393330366162336237656665396331323739363339333732653231366439663234
32376666353330353364326438646533303032643631326230623834666134396233636336396664
33636266396661656134636338643630323930303664343362333063316463353162633463383932
33633531313931353831646239313433313731316637646439373466383563306562333633633537
66643561303863396534306330326463626562636164383034376431376237366563313636643930
61396532313565623334663463366564626361336435393538353735623964626138313434303165
31666463356639616539386230656237633666613036333337646665366163663762356631373464
35353633333632613565373864336432383631346433653032343061356530343635616538373336
38663139393031623831336662356134333930663035666264343838373139336335663536353061
37366534636630323733363538303036353434623766383238396237633261316138643637396262
32653539363534643265356233623265306433343862653562383966643264376465616362623039
38663530633733386439623863613561376161323961383963383636306664333965623562393566
37396133343532323832346136623566313036363435353132356362623735326262663133646666
32353938303536336332643638373864646433653133363032363030346633313431336665376532
62373730623238383737653362353332303564616630366338663433363265613330386563373734
35373035303435353161323537646662633139653332353735373030333037333031663335383236
37303739663532313336656563623462616535616533346563323865636163303632653531316539
32616163663863393033636632643061623934613066356466393832393161363434313939383130
66393431353835346434383937636534346131663237663862616134346266626231366237643061
38366233373839646336383434363330623862316639643132663834616638373930393738306438
62316433313466306363363031323761353563626338353863373939376535656137653035303230
62663262373535326233353233306361373132343033616334336538343464353735663266333765
32303634353537303536373837336232353839313164666334353366363165326137396337326632
61303562313137323036336236663536323232633334663266656161363365306461613938613366
63643661316335333262653134396231366364626634636366383363346634653138366363313430
37356365646539343633306538663533646539326239306636666663363263663461666365313638
39663133666638363830343034653566323261343137326336366335353831633364623730363363
31393761373737353664333937323036383966326236663330336536333962636264356566383266
61613861636664316566313635396234613534633037633864626238363132643262616561653231
30643939356634653761326665313562373739616534373861646465323365613666346139376632
38306466383664663637383632386533663262363838323930316232396630653637666431346662
37303839326163653366326161623265636237313330623866633433343131646533663661643361
35303431616562343363653364333531623037393763363536326562373038323030306265316166
64383636323534663739353234353761383562643830653266366465313830393265386232356535
31313862623666386263353934323833386230666336303265633161636134646433346166666664
62363436343332623962386665356366376365653036373939346366613731383235386361343132
33393636316233333730626539356134643664353833653164393431343235623966373738376632
35313562616334303139396630656439636563373436616638653632633861383165643436306636
37633839616437343039663763333132656533316666376233383532366264656139383332333237
66343331396131646266336437366239393963663561626330623534383636653761633164393538
30386231316131656166663865386432656334633262396536303930616138366666613364326430
34363633333230363237393234353566663063646161346338656132643538616138623464303630
33383034393963636163356631626535393261336332363634653231366266356635353162636231
35393932316439353437356138643231643064313939643331366363613666353761623232663866
66353564356133326536653764636461356532656163656330613264646262363831346135383535
37396134303931303165623631386438646434373738663639353362613939353533346233346233
39373033373138356264383133333136346530646231643437303366323338636630356133316361
31383565643966366665343335646136366434343532343861616431666261373232653036313839
62333333383434306262316430386563636239616533363132613262323837663563313931386433
30373733663265303135346434313639646238333763616339653565396337626231663437366665
33646633353863613233353138613564353264633435326333663361306137363334333938356234
66376463303331353232623934616338653364616265666232663437353731323465343764623037
33613962363264613161333638333934643934356139346364393435313636383737333164633030
35336562666261663634343330656265653534346234616562666535613534316566353764343431
66366238633333323333313637306464343233313963393065646633343630373565353839383062
38393861316432626131623835356366343238306335643239323461663236623534353638633965
32313465383866303162343563336536383838386136373131303033333637313233636135316165
31643063323864643866353765623739346636633365326462346537643938656333613831643439
66646164616264643235396335323937373161636237383439643331633831336432396139366161
39313330646562663239633633616638643464376135653530656236303464373333373137373236
32323165323563623264376665636664623637336430386463616438636362333230386366666337
63383661656331666466633634393665353830373738626432383239643166306465363937656139
65393238343961643337323036633666653539616364333264343331306161346566323233323265
38623137633665383935613362383463366266633964613037393733323531623939303337613035
31313130393564633031353163636330383863366230633136653036346166626162313137373237
66623031393961383765353861376562313132336163353962353363326537646538303133386231
37393831356331346139363665613433346335386531623163303264336238393364643439626137
66333638653432333366663235363864396336623264616135366132353962383539363463656239
65636461303466636466653734333733323530653064323366623435623236373333633930396364
63323461613362323338356232306635656430303663636538653339663362373663636536306365
39343630376432366336353962366162343961653731626163633332616465323362343334313032
31663231666262356165343163336230646631656433656236663039623861303531333762303137
32326232376162396237333066643730356439383365346134386636336430363463313361363039
35666462656235633562306463373264646362333065303737343661353164636562653238353566
65366565643030626362623062326361653931656663363463386634316533663333643234346139
39373362343935346662656466383531663637366263306464643161653931366135623732643465
61343538346661356135643333303762336162623766633663303138386164643531653938396237
63663031656364646363303563366436373639306665643964376463636331643731616230323066
39626631363631363039646431346239633063333834626439363030366161393431653966313439
37333235643336313734623434643762336663303338663231343836633166353335623861353166
63316338393339333663393737656432383237323631303938346135363332653632343831343934
65343961326661663034613034343933353063313534396337303761313235663732643332393933
64643335343361656464306636353861643065613536373732666263373564353961613537653033
65303133313930636262303231663166626261346664666233346238393566663935613831313764
39646262616632363534396330323032633966353264326331386637663234626633373761636564
63663637316662343536633461633461666230636131353031616431616533636235613564356535
65396564376262373561616162343537643939323366323636613933303866313563643736653866
66376132623463366461313134623862363262306235343530396637343962346230353865393237
65373231316531316138343533326330653835383031366230376134333566633064636633366230
30396161313732346132623636383363363365613830616564313766356664383265353062326130
64316166316532326535363934633335333966373265616264623638643864653765626665323737
37316135326339623462366330646534666637396330663234633663303238353132356436366462
36343933313134643562326562333839313935393066313530313834353664636164373462373665
65663866646664656435313637303965376265343861306435313239623237326533326134343037
31656333343830343732633066623966376237383866366533303935623631613563616230303465
34393833353830383066623035323530323964663166636531356664336261373338313831623431
31363339336235626164616663343864346665323333383338336663633462666135353935646531
34383730303264626465653831613366316534653035303562356536663439663230383037323232
34343534636561363565636436616332616530383231666535333463373830323466363538363862
32363463316432646362336132316633326132366632353835396564356466373437613265663633
31646639613637643165643938303238656266623933663036363637323065623861363966666439
35346138303132346365336665386438636339353066313661643364396166383238376534343434
35316261383531306130393730346436383433343361303336306565653563376434333937323034
35636662646463386164396536313435336332653132306161363830373361623036323065343734
62623732313531386362656338303161356564396561346233373237343562333730336437396333
61393965313731643561373436346638326162343032643736313938346161363366623165313766
36633266333961393735653638346164363462346361393262333735373463363164653039306331
35386364306165363034616238343538333264313238323833366637316666313064663739313636
36383737313266366135623236376532623730363738356661363461623066323166343165613031
38343139393464353431353134373765376631326563336262343061303637303333633136656266
63643335323263373735366635396535336636653463396537363431643835313535626465326466
66316632333336323536376130303566396234383131616238313632316533343837306563386537
30363362393438306430646231383330383661636562613130333032666338623766343236613538
36323536333236306338643863373433653062306235396135313335336562386461313962313564
35613535326238306334353437643264386364396265356464323738656639366338393534346232
37636635626465636333313063643237643862626564356465653763353964623763323033623739
64393266376138303331626532383163333237396161306331303066343562373265663532613834
31616436373235643837396137666539393161346334343938303831316664313832633630333934
36373938373533663862383039383633633631396337373431656435353333333261313832396462
38303766333537623164356564313764663538376638363134343362613233626164616533343334
36326632336165613861363237353264373061313231343164383462393036656638313431663434
63313538393839643933613163386534623236383137623537366433616230333464643934646165
30663762396236386333623762663666396231373063333937623365393332396134393339353431
65366638333038653061613534636333353663653530613830383133323563363636326363663262
37633536623635353462393863386639646232623635376634643165633663333835346237376530
33643134353562363137613362333639326161313463393433313738623034376432633161653561
35383562343462643033333939623936313133666266646430383864626333626666323537396139
64643761303431313337356261326336623566376464383238366435313861386462383839393435
34376265643935626637643665623464376536643462326261383235653932313536396431623664
61363265303164323836613166303839643533633265333661633162343061323338366165666336
35396134613064303334396533343464326366653766346161363631336330613961346231356462
64303966613532323237356631356162656137333165363830323933363335383333326665376236
35343261366635646335643838343935313638386337356537313135633761643361343733623962
39633533383464666438373237613333613139383861376261636463306365653938316636383532
65616531373463383530636664663132383236396561306432383334633161626438386437366234
35623762373837333863666336373661363735613866353132366366393834666465656332396466
31396538393337393266303463393732383531363531306632613139393930316130666464303437
64646633353930303538626662323536346465313033323366343163633861653333323737343731
33346339646466313235613432636139323362636432643833656335323439616237653833356135
32373061613133643565393531393764303462333432343839353539306564663661356430373539
66663032666533373564353231376436353932333337343138313865353262303231326633616262
39633931623632396336386464613336623935663134653264653831326339386538316161613933
38666261646539663933623663306136363265633539393734616631616366336333356130316534
63396138366661393333316438396264363463333331306466643430306234373239666235626339
34343631656464633762363062383331643865653138646239396238323030303666616138376233
65636361316563643538656163366539653066616634323232323162313936613130633331323666
62363431663330306164646165363733653663303133613530626134333539323539363366343138
37316363646364326134373665373130353638616333653135356635373032643034643765623866
32666136343339356233393030383261643334643035646538616162653734316336376636346465
63646634666435666633303363313961386230663635313963366263366563656436346563366130
66623235356439353432666330326433656232616538663938326539323134313335333035303034
35343166623936356136393061363337313336666462326437306433396661393663363634373032
63313135373636353061383336376332643766636239613836383532323939313863383562366435
66626538666630653064366636643039616166646636353635626534666237303361663963666238
37643439303733613666363263643031356336323732376430373262653966323236663262643262
33383535323566326138316430386662316435343739383662623664616236666261333634313538
64326235643865633165313662363863613365336464346564323933313436373666383033363037
63363732663362633539623935353331623934373766653538303234356563636638393262333736
36376637343463396232643136333538316265356165376530323065616464333032656263363139
36353463393163333063366162666262303961323136343261323862626435316466313763336161
31306465303739616239656165333463636639643731333031666261323335613931626262373833
38396434356130646662366164343961643834633039663163613864666362316337633161323838
31336431313139626239333231373239343431633665306436313831666130376332616132353130
38326130623435636134383334613631623634666236616633373737383563656666653737646330
62343633653139353930376166626162333263353461383539393930656436323061346163363936
34353736363831376533666564663963313465376363646665613231383766353832363033353863
34326663383137346233303162393663306661356533333334646463643536323665666261636439
66613532333532666538373633343063313636646535353936613731346132643364646131343035
32626131313731656166323639313962333966623662616630363761393463363530646338313531
32373734636563656365373830303334383538383135316438383966316630663866343235396337
66646333643361393430356261653061333030653437666339656438396335353030613565343162
36663539653966633832303961373233653533383465653039303863373866316635316363616362
35353634323863613963396433373431376262623833393232353132343361396362303964306664
62653166663931643961313063663434383034353262373837666232333033353536366431626530
39666337363462383264386463656639663664616531626364623362333339626663383663636266
30363138663833366237366331363338643838386532653437616235373736623632666161643336
37326263393265353035323639353033393935376662383964343264653866356436373165343730
32393761356666333032613133333434613039383535376637383635363462336466323765373939
35623239616639323762616337333231643731313063613066336636663832376335663465613334
63663134633466663561653733363137326664343238663465653434633932626663613064363835
63313262343966333138613761313430663962333061643837366634643737383833323834666463
31353739356164346134626564383665346434373831623235326332383362636562666631396566
61363334303535626139333363346631363033363130616638303834386362613836373439623034
36306139386165366236633664313861343832376635353030643337316466316433353331373037
63363064306261363561323531346639333263633135626333636364666465623062383965353136
63663731623232333463643539646663353234653563323163636563366463353761633938313939
61366434363834666436303137626266636537326161656166386133306465633335373566353230
32616130633633626364653932363966303265623637396638306536643436393762363137376264
33633937623562346233636463623861356236623039376661336338653762396662373534366161
35396438303831346534663962613861656537366161616662343761303963376665613066343964
31663132616136386335616463383533383766636631313432633638303464383061356536306530
62643163343133326561666132373161363430343161616336336564326139663233396565366561
37323963613964646362646632633862663534326330356134663139396139633034366336656466
32386137653336323864313066373365633331346131356633646635346466656564653937386439
33373236363435623130306439306561623262636465343931316663393864393239373035653062
65323331303164643837396231623563333832316166396631326537393138623036643064373466
34633130353861643666346637363834633165393866393562313364353737663031393465376534
32643235343430366131653836373531363434393931633166646163356634343237376435306433
62363439323334383631303739356365653564663533363335383734663038313938393839666462
30623032366534633065333661326265613438666238613034666334623134303336613238616337
62343037386335353937303237376164313161333539653331343964373833656461623035613666
66323161383334633135653533393836336638376337303363316233336138326336636563383237
34616361383734663933383132303563333238363265343931343763653139343465616364376338
36663865353264326232393631326366353565393866363035623235323233633138356163653030
63656539626566373635356535356231316466393135306238643663383934393661656633346635
38376336633637626134316530323130366231393337636166633763396664613662363933646364
37623830326537383661343636333730393766626162333434613937653238636233396434393039
35623163653936383666323932326662393232633361373563633536333565363431306137363632
30316134383835313738363664613766373266623838343933363538663366316536386466666438
63383633383761623432366262656131316631366562303438303836363733353739326533383365
35326466336665396438643533363862646334343763623237663435363733656135303935393332
32643031306537646338376337306137396662343535316438636237313564396437333531336437
37323139343430373861376666303862663336383135306233643831393263316537336434656232
38383038353461343464313966336431616366393236336264616566393333326363393730346562
34323766643462323736346339373035343166343830646630376231366363623563633839633538
66363563313161633862623961386464396461646561326435306332636332323961373937303066
33343463666335373930326230383139336162636430326363313062363033383331366134303630
61646339623631616332666164346234383432333434316138316539633336373630333938373836
66626135323364393438373363343161656665336465633337336136303835386434623035373664
62343966633531643064393335386230326132626362663961373530636164383337306333393463
31396438376637326133343338333161656538623139663763386332366233373731316330373837
30656539633739306463313037373831373533623364396637613362623664353333316639333337
34333631386462383038616164666561666536393135313536326433353561373730646663643534
39356236643833383233636137663533353961396333316666303164353634333561663335623533
65303337386465333837623162616336636134336237323231653131613563393635633061616233
37373130376534353535666363393534343362386131653361613636373433396165643232383563
37633836626563393030663363383864666330303634643462623434316466333932326139346162
33383832343638633532343131376131326165316535663632373736353463393563386635396333
64313361323633333764616638393264356463323233386563316562623935343437323031653631
34396262636366373936323035313131613037643232616566323864393936393337303136613139
61623861643035323532613066333331626530326331346464313337306135636666656366383732
63643032356639343535373231376330613561316538393964386334663630636662663764646239
64326363636665626239623734653535643035613765303437633738303830663830353233633938
38636236613764633530383236383935366463626536356331366333616465353162666330653031
65363565656266386662393531336564366465386234353063623266336336626263376236663961
63666164366162626464623235396663396534353565633935636633333438373638356561373865
35336233376338313033373039633961326566396535646338323362363736623361646533316239
32613661386364623265373637633035613930313231353863383766333633383435303330313735
39383030313236363261383563323735653632626234613438646664343139646439353033653931
38626564313635636635646137303938393861653439333862653561663038633732646262373033
35653765336236313433326134643538623239356164346239336664643230396637653839336365
39323031396132343930653963396563393931663364333734383261383635323735633736643965
31353733336230643830366634376638363366653438663362396262373331333363643035316234
65333833383763626430373337663532343535613566303631613536643832373239396234326439
33383137333934383536613237376666353461633534383764323531623131366331353632333963
39336537316564623333346637376562393032316638393636396433356238333030316636626133
38316561356430363136393632373331323863313734373131666166643361663863646437646365
65376164316364376631386638386363383661353931343737653664346236636633303038643836
31633665363930393036363661353566643732643133613164656461663239616364623065343934
30353666623261653038646133323631343639393666323838663533333835313538366365663062
61653135323363303038636330346662623263316636323362343035333136343538343632316264
38626137373766396431366336376630393130666665313639613633613532306139396264353762
30666462343366653837343538333566346365343934663833373764646563663965643966613464
65653639363464353439363864336264393938323134346466626137303631376430633938633334
35656435653437303936333933343662393566313536306666636665316362316137333365316233
34343632663133356537333839633636643038303761616263366466383561306563636439313735
66643634313331346138346664363138623439323364663937386165386130323630313232333466
38663338663231303435346334343963656631316265663638363461623134373630646161343861
31663366346361393335653737653831303631653438663535313633396238373633653130633536
63303165333834616565396665623039653661326164376436666462623366356539333261666266
35646235343530366433373662633633343336383761316636343765353164663030646632383764
35643131376234376266366631396331373531323437343638363830396231616661383164383534
61346535633438333531373630623136333230346462656237393861386664323231653235626564
30396666303565653838356134343265383832633538646666363730336330343066313136623639
38376138386535396463313031393839393364326237333332383232323330396264376362626430
35303839663261313536393335356332316261343534633465623531653539643838653133326164
37353462613139633935356238323237376532303237306535623830383765633736653232333039
30333462323962366331346466626363313133393638393165613138616262326365653435653334
66373433333734626665613533663963373337363561323839643030633536643566323537366134
63376137343334636464353630636632383837353030396630636432623563363238343732633463
36636164646132646562653932396431323765613363373464353839326335393765653832396232
30343330633637663935623937623239353731393638653563366166343332643539363163626562
39353235636531353331626661393830636133343139353130386130363963636530363232383763
66373535333736363430663930623532356663376334643637393935356134343837373662383162
37633936393561616138316434653864663664383731303835353737333666373130663137613064
32343834336239643464376662353633656563373730383561626537626637636565356335393462
65393861393935303531626262326635363266303030373631326330353435323063656533666236
65376264663732386330363833616432306438613538396139633266303830653865656338613534
30323837626635353634353666363838316637613561356366376664643537306464343638613662
32313233303666656166316431383435303132613735333666396262333539653565303337333862
35343632633335326265323433303466626539646138643664386239336431636635353861663766
33663161393437623432396563653665373931643936653461366564656331303733643532376336
39633165373838336532303034326131613439636136376162376537626231666330663037623864
37303836666135666433633166396536373238363362643461646335306338666661343439393839
37376230303563353363386231323437313762626532656234316661663931393065396161633639
63333835313831653863633465623137356466343762613061343339666639366535363032376435
38376634303931663735383662623866313636626436346466313963383334366563663165343061
30353965666538316166633063616264666139336165303537363534636163623765656334636538
33623231303864313763353638316131373561323739393331613131363636633430306330373932
35326631316261333633356630326531306165356439343930383066623566326135353165656439
38346662306362373336316435383939613464303837386434646563353834363036643365353861
35336161653732623462303063653062313334303162393566633834653265333964366236306537
63323434396638663234353434303561376465336366643135346466333339333731323737323861
39356465373962333232663664336337636331643061633233323162383234363430393339333762
37653766363131393563653330333038373466326661366332633930326465313339663435376134
32396563333736653331643132666333366136633432306336373731613539643838646365303465
34353435663235333733636663373564346461393638623030643562383830613065396134663061
65386334373837333938343930663638393065366533623634383865363938326231623932373731
35393734633765373136333262343065643536346366363831646433343535366635653166623165
36303736663633323362666634393235623066303533373461356434303565386533666538616138
36313237383733666437316332313339346433643565623532623539663138366137363430663461
31336639366239393938336437323735383333323830343836313433356631346466373531393231
32653765383763396462363964383763626632323036396561653531616633613332343766613033
62633065656364333337363262326664326634393238323366366432333737393531343533363039
62333333663566366431303338336166313266336630383064353239643534356232393031633461
35626364376435323531663162383134346162346665383434393161616161343764316436396565
65646331373733343964363262316261653066666134656334623336383462653664303031653461
64346439343862386539326361663737383563303039303233363562613632306264633462626339
61653238343164616433616634393238316233326333383064346337343536366562313136323038
61333839333063383463323938323238643766303238363331313664393333363536383861653638
38663834303262616666383662633666613931646365623838303634303038353865633936643235
33643836653438633964393731336165623532633036353939323264383739343631626337303263
38643437613565643466323538633332343834313532653632613364333362633338356565323335
32306139633763613665303966376239666166326163376262346563626237343835383062353763
35336239663230623939633139356364656439653336643462353835396436346137326336323439
33386631363938333662613236616433663037313131663738646239643038616538613236623733
66383762633638363733323731613062326535346664306130333938383962326266633530626633
37316630666363336634383938643538326264396162656266663131633334303438653133633638
38366531303233383338336437633265333938353863353738336565313333393836656263346464
30383338613933353334383561356131636463623738363461643464616535663836616432383861
65363733366363626534336635383832316333393331306337633739383631646639363365646361
63326437323161383836383230633936653832643133353866666562313133383132613837646263
34373830363561383166326464383131353363353835353561306433316630363263633837366266
64333166373365663831343164376230316462616437663065373936313835303331353935313464
62633361613836626635303165613564663530626164656636343266636439386466626437363864
38653736633433346663303665373331323734336433633862383666316663336530376536316236
39343634373235336465376162323433306665623064623764356436376563316435393461653764
66353365386561323336373432383436643431316330353663303464323739623366613766316231
63626136326362613731373138383034616533623031323663363537353566383437653833633635
61333537366136313839363536393039306339363032636138633135663537633663626332333539
39353563376234306664306331663764616138306366663533356534343735636563623161663138
63616333626665343535663964633538396531373863346436303734366265613930393030366462
39343338353833623636356566643765373866383666323532353139653264653739376636376230
36323961396339643837393166363964663166313939336234646265626630306262323939316136
65346135616130653363313039623632306661666563306363313039663863633331303964313937
36656337386137663434626536663064643831323732366331643861386533373163653865343133
32373632323933623032353966386236646266303031396261346638643766663038396130303031
39306435326636626166656639376534653932316237396230366531356631633836383530653230
37303638613135383735633062373438346263323362383539623535373432313361313363363966
33326237336530383136613930343862303732666338323665663863303034626665366236323162
31643531633531373030376232396361633530643965346131313631633537353165343231356639
62333038313466393062653037366530393033656137633839393334356164346338306634616166
33323265623635623737343739643766623235323536386165393931353431643735666262376236
30366633316466643564643238323965343964303833303933353032343536303134303061663039
37346265643039313530373661643531353439316264643135313466303436656361643430303135
36386132646565383131313739333031346235653037646365633961666163653131623464396462
38663335376631356662636261663462333961663338346230666337353332313564613930663237
36366266313435656338663663333661653061663331646333643163396665643537666464303662
61316437663836616363366230633439373037343965333462663662663666363934663935343433
39393464646330333163336435636230663766356335633861306566666439326134356632613233
32353135386239633866643837643066666231303336646239393863376539613565343334393966
37626364613364333063356234393132326636386631653939306330373037366538343763356139
31653531363730383066333564616433396664303264376331306366616262313234356464636439
61396663316331373865333066373330346339306630666632383961353061383061663133313562
34396239373565356636323930303466373338383265396461666461316430353239333235636132
30326565613234323161383534663831366634376337306336633361343534326437303333373635
63633861663830353138616466363135363536383830373232336464343738363038656536326133
38633464393463303731346238653562386130326631653036366165643634636664616232373739
33336634313631346566386339656332326634626436653939396464386266383134383165376261
35313031346133646462333537666531656366316662666564323961333762653332656361626163
36353863353535666238653230353839653437323137363134323530323562643231653462633365
33353035653461376265333664313538303866663161343930336662656638336138653132396166
35353166303364653564386463313266303630363261336635653234383633633264393637323332
32656632643664363936343264633138346633353336626430333931336261396333663935383565
34633661313361613438623938366366363033633239353763393132376333313938666634356437
32623964373166326632396465396662376537333662383162646336343235316661373634316235
61376633383961313666353033333036336534316336663030653464633866633361623432353565
30643139616132333532346635313338646466646334376461383637363763396636643862306161
33373164306330393966666464333137373566623862613239373338633232643632613931623639
62373161626164663666386536646231306266366336386530643761353162383738336636386337
32626437303062356662373836303464393036343733646532363238636264646566393864613334
33316638613933373333303164393161393936663763376361636135626563636337663736333931
31613766366336316661346431336534633735333335393133313333323534383133333238343938
32636164626431643466633462333762633530326431663834346333306534333533636632616135
37386135396362653238383730396334646532313136393061336439613333626666383433313638
61666235303738653663393861366439653864376237323030646132306665656632636233313536
39356164313734643135333235366361656338386663333063636666386264383663646331333737
36343638343234386138616466613962306437336230313830643164373931633363313761303733
39633834373636666137666133386266383961303661373638343663633261663764306336333466
63323137356162636132646237656331316136393664383837363137656334313836376433626537
61316535393338666139333835323634326364356234363830366435396336326339353932656533
61363439633337383636353766626630663764633663643065616337393462343863666463653433
31356236393030313635323663636235633831623735333061336263313965636335626365623965
31343263616639356461303037656435383237363130613435643733333531616135303532326465
63663236373863653038626237353066353466363638383965666666643365656431323939633936
32336264663733353934373134353434363339633139623331633335373964336136653266616537
61396431643138613261666330333237636363616435313037633165373030326134366331663066
34373235376636366463646664336138393937643236663136336563373433613036343765383336
39303135633239393536633864396561366639356331363339353331373231326631626234633266
62336438316435383965383061346633356139653636646462356334386566393265343561336633
39316263333764333331343734306533323963313565316637633566356564666337356330323163
35663664306639653266346330393434343236623635313461353731376433333533333463623364
39353731353561633066313733316364313063633938633261626438353261316462373331336431
34643436616663613435376132393062346432373634653561353037366130616339323666616162
30333239393365626237333931316661363939333462663765626537623964663463373637623037
61393666376166326564663638353338643666393635353439303465356161616631386530623838
66663330366132633133316136316663646638616333646234626135663235363536383437313236
62363932356633366432323939656432616133643461333835346263653562313037616164323239
63303261636534393962313234353439313561646161636434316335303432303439653065363631
38643436393832383831323831383163313234633432353936383134636665383334363437336264
36623734353835333562343863353532633236666632373064656463343362313736663930643633
62643964336633333737383137666262626531373236306234656434363734393933396662316233
37653435643637336137333635353634303765663535326565343035303538383934323438393433
31613533326666646539343030383364343334323239353866386263643930326365376439306563
31316563623539636432346631303333336461316664333633643531363935656130343363353430
61633339653538663463396437346539626434336463343832323833303538663061663765323966
35333337636234353538353063356465396531666566376664326665663534363435333764623631
61336138323233656634393431323138366337393563306533376332353838363734653763646663
61646563303130363962353666633432383665663163663631666535653136333766643837316231
36336364313735626530636334623233613737613833326138663466396565383930376465363733
36396133303730323732353332326334356436316165643535643462663635386433356331306637
61613439306566633165396666326666653038343662336261343533336363643538656134313231
38396362366466303266393130636662353162626539643432316432316639383234373861313861
65663130373963333161396234306234343030623062303032633535326636623338313732366138
63396539626438356233363766366661383034626530353236373433383965623366306334373232
33663065363035663837373532393966316261336162333162353663333638306533343364386531
36323738346333313962346239376663363138313564306364383035336466636562353064663962
66346262316336613965343566346662323332613262313632346135386466633238303439386465
64386463616633666265323464616632386439373737356332633239346238363165303938313163
33396434323132363864316533386533613639313465353463396430373234656638633836663333
32333761393564373830383431386633376364386334666531383533323634333664353863653464
34316238313131383134616539623135626635333862646563633632356362663930376463643634
30333434336463316135356662333536613138316231663637323334306637633834303036386431
64313738366163643662376536663234376633383532396532623530633864393031303166343938
30356466653039356365383637326663383539613134633566333638656564616562626532383238
64396334303237383162613539663231613238373165303133386533313132363365363234333132
33666530333034663631376636313034336361373163333636636637313066343661363439393539
37666532613437303561326437626432356435656339646534613066316435363266643461616265
61343661336666336533386435623865613363653335383638663932336434363764643933303537
33373338306466303532623432663339306163343462326537613463343535623164343562343661
31626539336331623138623334326365646331316133643066343163313462636466663064333933
31616538666335353231333536373661646565613263653532356439333032306264306631326134
36333735313364646439626231326533633431396436373737383865353432663837393464613338
37663832323161373063653933643039396663623361383561623632333837333036643462343732
61323534396234366333663962613130663732643030393336613835643861613239343663356263
38633362326332363837656434636261343164363433663630306663626232393066316163356439
38343663623435396265333139356437623137383363646335383265383039316332653034383362
63373233326338393938626337346634653130373434376531333966356130323361643330336233
65396238303731343466656565356435363838316166376665623334323133343835393839663963
62303636396331373935356537336263373566616531373632333532626534623134346362363634
37616631346663613439633132656539666365636661313532373135336165393439643866346534
34323531343761323937333432363263613234333039306234363133326535356364623263306133
62323535356565316330656134633138393730366539363061303561356565323163656333383938
30353266623330353839366333373562356264383937366664343930306666396637396435396430
65623237353637613465663931653637323265633562333564346163303332646164303531376234
32666462666262393232386131393830323363306534363863343837356562616534363432653030
35306461306231643665353131346538653133663763643631343961323433613637623565396133
64656264323937343566323664303634346563343262623934393332626466663164633163613463
64396235373933386438643433656239366433363735353664366262643061363766343437653462
66316630623735613130353339343531643062386139386330353332376337613965613837363631
62633137656363643365343736363665613538353235336635633766396639323330613030336632
61306239646661313063613034666666313164356262326337623861316234636231396362386331
63613533363339636664333838393139383836666132363434383334326364666633653138653262
65336633323531303463303131656333333733666639623631323738643064373863326432346161
35633430653137653361323735363861623561323531373261636635336239626163663935643961
64326361353938323363343836646134323065653562393735376430313665343563386330316534
37376333313032633262343337663166356631663361623433323238613864633733663233383964
32613034366365306135626330653633363265336163623431376564663733366238353261376531
38346636343762643236646466326330643264613837643233636534306134333661376166663135
32366638363963316133643962636262333033383837623131613963626437363035303434633064
65616433323362346161363232356463393063396162326536633236363238343863323238656630
62663237343236346535383935313865393766613637333362306636366539616232313865393932
62626131393463343235306538656133373236356239376534326234373333376566313334353933
65373233393930343636326662306432323163333836393733376161633332323834396663646530
30373330663931343964346133306362623064393039333464323663633830666237326431666631
38316235353136316561363037616435313332616561353561313762353530646166313939613333
33366266313032386561666530316661333166313635353563663831346438356534326363343062
34353961336332323830386139633931333862623964636265653134643362663032376635616536
36343434313464656162383034353936623238326163346561343036633564623666336333613832
38653233353961386236366434366336626164363064343830656239366638393039366439343230
66333230346631363664653034366632326235613134323839303464356665653431383832303832
61336331346461363662306131343761653135616335326532666264653965346631356463643061
61656330646235613332343966303132633863646565653637323931346234323563393163633238
31383839653933653263663338636536383661623730353565623234373461633638393335613532
66373366313961383463393133313034653766343736663938323738353362663935356662656331
66386265366662306165663866306462616662643335386166383462333031323763656435336232
61633162313462636665326634643837653862636437343736353963626162343138306564666666
61326365363263333636623533313661386434306330333332376239643564333036363462666566
62336463646363313032346432653439396562306636363239623730343063393834623166303732
62646235346364366661313239353638646239356237366465633666626239383062323339623530
63336233616665613938636135623663666336366131373261623735663935343634326334383866
38613238383434323462613635633339323166666234643835323364666337653864383030636338
37333761336562393063623833623137356364383332613066323237303632646362353864323361
63623733386166303765316634316131376434626431343862663838653133353438373231613431
63333330313034623764636233323437353331396664623236633163346339336433376530343839
35313336643235616436336239303739323437373366656334323237383066363636663634616335
33323333383633626531396436366461323834393365616361613065366266363165613533353330
31333137353431373832376263363066323932616634393461663863313365313633326435643065
35653836623231373562373333353433306338396662363563326137366238326266323839363331
34346633336637336565623265646232653232623037316565303763666137326536653036303830
30316330373865653236326632643239363530626362353631333061613531613339343338396463
65393732393038623966393361383362373731373131313132653238323266303838343563393338
36373536323536663038363031633831623436363666363231356334626535303063663737346334
39346562303334383663666263353363313336366362393838643036363830653933303032623434
64396338656663663864393563343561663864616437356364306335666662626639356635613335
66623535616432633637323739653938633161613130306565653662383063633565326266626635
64623236386563633762333964386633303430386562363230386262313931396136646166373662
34643365316366643565613438663061383338363366373365376236633765646637663939326439
61613963393039313839663335616432383130313432396366383164303233326566373133306333
61613337393335616234306261646632303664656233623433333366333838663938356463643065
32356537333832373637666638363937326239363138306638663361353739333964353034386633
36366632303861323136353166386638663264373638396632313865346535343239373431643735
61663034633333343066306132376337643839623861356661373663633462303162616464663533
39666563663266386133353635343830353635356332633630383364626461303437353636343961
37643361616438343736353536313635386230363166623466356161623838326163303335646563
61653161386530393133383231623661336333643463663261643638626438643362323539356366
33346531666265613438386439616139623035393631373964396434326333623563326433303234
35386334636133343837613363643365313434303431626335383466656363636637383932346131
38363436646665353937373062323239636365653434633938343062663331336233343265373464
66373330663530353836643463653332646431636336366463323938376538663431373866386562
30353266383537343237636236656634666534623731653235626533633938376565656461636336
61353736306436356538643866643232666432373332306532623231303963653936353530383230
37646362386566613634626663643539656137656636336666383737656231663833363330343865
39633062633761636335353139646639323863316666373332363966323466353339643662343562
38303264613365363962333335626630393238316235336665346338393462383935363032376332
65333332653833393866313834303761666334393963373239646561303363626537353730376432
32343037393865303863353633663263386139646664333965303863373434666465623339623364
31373838353435666630363934336531323536663365643064663630323139396266333332343331
36663938663063326466663033326235666636383635346362343034333831653865313033313730
64316162656131393431323066663038633334313236313061356335383263333661366266303536
64326239363764316363383962316238393365336131376365373635613466326131663832653235
64376666343231353762356661383261313532303564643466333666316134343232393061636265
64353764616266356532656261653763386230353837326166613835373765306533326361623436
64646239666264346163323864653164623738656530343633646233366163646662336634393730
66346665316265396538626561313536353235373437653463396130656261396566306433656434
37653330656232353534373133353866393639323038336636336261663437643632626237363130
33316637306438303536366664316362393236363736386531636533363364306135373637386261
32363161633439326537366538613930653933383334633539316335343939303363663362323164
36303235623435393235363665613233653038343566383133313539636464393865383062363766
32653566353237356637663863356639666261396532353730306533306264303230623363393236
38353234636436313064336431393365373333356261343734316534353734663361396364626161
31386164353332343030396533373531623633353337353335396335616331616239366136333039
33333736643638386530366562623564386336626661636139653138363330333932616436326566
32353064373065376163333634393532373332633463306239626334653466373863613638646339
62643038623339623630663466663730636238626134343463613134363864316538666164333335
63333265666430303061333437313134313063353234643862363833353436666465646530313837
62616664646535346633363265306531656438383538316134636365656339353138376139326233
34623264376265613962663163393938363535343534346463303064636533356666373462636333
32303432303230393664666566643864383036346361356131353730356163633231343466613538
33623038383031373364303931356230633230316330613564316336373061623534616233336436
38343536323132346636383962323530396665303830363931623632393764303331316639613961
65353139613837366630353963626532373263643934333733613937653037653332623538346163
62363364313665633237636131626436663031623964366139343732656661366632363431636637
34616364323832353162656266323133336634636662623633363162316134353335623437323965
65613666666630343735313864623764326363363437313263653931313761633038326138633837
35616436376431306564306563643934316635323331366231336534383935303132323738663730
63323935333337303739643135353465666638656630663234313335383536643431343832343435
63393661633733313861343433353339636339323764646631613037396434363261303463346138
66353635616261353662383533393264316164616562636431383730623539303937356463373739
65623863626463326562393134656566656333656133303866336439613162386162383261663464
34326230333634393364346137356263356536656339616131656137653362313731663763663362
63303637316636633165353834633536653061346663373533393531353661303239616339333331
31353866353936313462336639333837643037306538316239633732326631633130633432323466
36656566616133653264336338363761613461363465613361653461653537353366333737636362
34663661663834313462363366623930326337376335646663643539393661663437653132313962
31623038343132333761646137376635363964663365303836346533363934346533306464356466
61333731363662363233393166326632323535333762663263393332613964353037373761306162
33323665336463616136323462383032383434343461383235373263373032633931303735363237
32623765346362313561313265316665313930613237323161353563303262346464346461333330
33346466363230383339633866313464653234633938613333323064663038333962363064386666
66383333643732343661623439393531356337396331333135333938663838323036656638636636
39306332616530386633336362393933353562346365363262373834653234623965313839353462
31356237643065633861333963333536306539346433363339633762393938613036383365303463
63623164343532323262306138616439346336313031613534663439326461613033393865363632
62393366363333383436636465616564623266666162663636643465336339643461656632616437
31356433623337336437356638393164393834643937663966613662306562653562383365353464
62626337613238306231353531383138663762323931323431643564663062363461616663666361
39623166323766656637323235663164306162346164306665333332653662616537356439643539
37316261623535646131636166316632613066373366616132666565346236343230383463323930
30653266366462666238653437396332656165306563303038363434303535376436613465336265
30306436633234383661353735643263373765386164376466646339373335623037383232333937
62393266336339386536636136633930656433336139656338393639326665336135666636613933
36386664623337363661326362373731396261643230646136373062363963643664636338366331
33373239383462393864613763396263363633656665313835646139373932336437336537373561
64616436333533633534336239383864336133306566633530323730316134643037336663656662
37383039666331356266393634613033366433646137376638653833336632396137623863393534
34646137643035343337353935613132373930636538313764323039653332656332303435333065
32663338326635353031353031616532336264626365363034636564383061373239313865333239
66383639383633646363323364653361303333643736663038643437656630613136643063633261
65356365626332656533643030393932376130666330393235633362346432663438306262623361
37303935646463313762633366323131316166643030376637343633356362646462636465356561
36336536613139353162333931613737306633663535666134313939306165656561373261356266
63353862323962303765303035636336633732326265323465306335363562383737333135363430
65333434316635383132393262306531636435353737353034316231353935663033613837373639
32663565303636373539313436663765653263643431616666666539306266356632386330366439
30626630353931643964373536343263303066393939383265633661313364363136333161323230
63653836353136663037393365643031396439303938623534346532663461633132376136366336
34363533666138666432383366313333663032376532363638333965633365303465373163303636
37333665333066613065613038663465353265393739333734393961633737323930393163663339
38363130366539633364393135306538643733646265373366363431643936373239633962646330
61373164303536386465373865623630316430616236323832653062663037353962346338386437
66623537303836323936343363636330663637653462396365303438356566643666653863383735
39303363303536373065313534336562636561623939306530666331356265353337623136393633
39613039666463306566383961316638303833616537356234636661336138633336356436383365
65386133393966376437643963623939323138633662653132613835346137643936326136346435
66393231613439366639306636306438626664653730626331653930313263356536623961363038
66383239356434353361343232343834343861303737636531633634623966643861393132626435
66323835343335393764383330363765346536326239643866366363303232333731313836633832
31356561333331613136633466633234313362646332343434323865353137373830666333393665
30393961343432616363646565303334316261626331313132333836646230336136356430643735
31633030636163653839396534393935633830336235333338303839333033656533313939373832
32326539393966383135356163313766613837303634323633303335333330623362633039363639
34333362616134643030303935346234313538393732343862343364656465353363616332313931
36333738323433373131316133616464656232313034333334313866623139623435653637336331
35396535653937613132636234336432653433353037313037373161663137363830353138663362
64336465346436333834643466306137623863333730303630396162366637323430643332633939
66343062353731653662623130323163303264373331356138656532343866346538316466313164
30633264313862653333616363326363313164306139393335353731663064336332353465323437
31663764303534363861313162663136613130343137346339323362613465346430326537343336
64386535326439353266383339633439353666313632303439613064643032346237343338373230
33623361633735653530356437636631383464303965303061643231346238303963666134626536
39366233626333393061323739373466366134353637303435623730363635303339323862666634
38353063626234666265636633343534343561396234396132343461333438663238383530633164
33376161396163333334666230646430373332383763636561653866656561336466396265613437
36636135613730333135343637396565343338623261313462336632643465636437373538333234
64633465363761653362343530323132623664653136393666656636663966333262316363623736
61363738663931316433666238396332393934616464646638376330623463386531346132393239
38306236303735663535383864373231666165326565616432386431346335613061303832363066
38353562356335393134666130306232303834616535363761663136363332323362633230626262
63373062666537666339643330333131353139346662623037366438333435386136613965623464
62623737623538363838323466316539356236616435616235613138363732306662633837643462
31636265626632393234313533343162373235386364663930393338613638623030633562613262
64303561313734313037323933613639363038653961313335633139633366363336363431393063
64393335666436313639323962376438396366356637313036353539356635373065336238666335
34643865393737633464393036396564643961316539636335616137343762343063613434386262
36633830653136666666336335663530666634393034313536323837646231643433626562643464
63643638373266633964333262353032336238663064633633333430353831386335313532303932
65656336666134666533643537306639643936313238663934623662303231626332333664313231
32356563356532396538343862346239343731306633613633366632346232653131666339393532
33623434353865613337346530306264613133636135326534346163333064323866376539343733
37383638316362633335643365356437653532353139326337346133656438623030643139303730
64353864336366313937373662366237313834313861326339613561393937623237633338326463
65303565316431646566313361393833336133633566353639356666303165356233386564653439
6465
